0 0
0 1
0 2
0 3
0 4
1 0
1 1
1 2
1 3
1 4
2 0
2 1
2 2
2 3
2 4
3 0
3 1
3 2
3 3
3 4
4 0
4 1
4 2
4 3
4 4
5 0
5 1
5 2
5 3
5 4
6 0
6 1
6 2
6 3
6 4
7 0
7 1
7 2
7 3
7 4
8 0
8 1
8 2
8 3
8 4
9 0
9 1
9 2
9 3
9 4
10 0
10 1
10 2
10 3
10 4
11 0
11 1
11 2
11 3
11 4
12 0
12 1
12 2
12 3
12 4
13 0
13 1
13 2
13 3
13 4
14 0
14 1
14 2
14 3
14 4
15 0
15 1
15 2
15 3
15 4
16 0
16 1
16 2
16 3
16 4
17 0
17 1
17 2
17 3
17 4
18 0
18 1
18 2
18 3
18 4
19 0
19 1
19 2
19 3
19 4
20 0
20 1
20 2
20 3
20 4
21 0
21 1
21 2
21 3
21 4
22 0
22 1
22 2
22 3
22 4
23 0
23 1
23 2
23 3
23 4
24 0
24 1
24 2
24 3
24 4
25 0
25 1
25 2
25 3
25 4
26 0
26 1
26 2
26 3
26 4
27 0
27 1
27 2
27 3
27 4
28 0
28 1
28 2
28 3
28 4
29 0
29 1
29 2
29 3
29 4
30 0
30 1
30 2
30 3
30 4
31 0
31 1
31 2
31 3
31 4
32 0
32 1
32 2
32 3
32 4
33 0
33 1
33 2
33 3
33 4
34 0
34 1
34 2
34 3
34 4
35 0
35 1
35 2
35 3
35 4
36 0
36 1
36 2
36 3
36 4
37 0
37 1
37 2
37 3
37 4
38 0
38 1
38 2
38 3
38 4
39 0
39 1
39 2
39 3
39 4
40 0
40 1
40 2
40 3
40 4
41 0
41 1
41 2
41 3
41 4
42 0
42 1
42 2
42 3
42 4
43 0
43 1
43 2
43 3
43 4
44 0
44 1
44 2
44 3
44 4
45 0
45 1
45 2
45 3
45 4
46 0
46 1
46 2
46 3
46 4
47 0
47 1
47 2
47 3
47 4
48 0
48 1
48 2
48 3
48 4
49 0
49 1
49 2
49 3
49 4
50 0
50 1
50 2
50 3
50 4
51 0
51 1
51 2
51 3
51 4
52 0
52 1
52 2
52 3
52 4
53 0
53 1
53 2
53 3
53 4
54 0
54 1
54 2
54 3
54 4
55 0
55 1
55 2
55 3
55 4
56 0
56 1
56 2
56 3
56 4
57 0
57 1
57 2
57 3
57 4
58 0
58 1
58 2
58 3
58 4
59 0
59 1
59 2
59 3
59 4
60 0
60 1
60 2
60 3
60 4
61 0
61 1
61 2
61 3
61 4
62 0
62 1
62 2
62 3
62 4
63 0
63 1
63 2
63 3
63 4
64 0
64 1
64 2
64 3
64 4
65 0
65 1
65 2
65 3
65 4
66 0
66 1
66 2
66 3
66 4
67 0
67 1
67 2
67 3
67 4
68 0
68 1
68 2
68 3
68 4
69 0
69 1
69 2
69 3
69 4
70 0
70 1
70 2
70 3
70 4
71 0
71 1
71 2
71 3
71 4
72 0
72 1
72 2
72 3
72 4
73 0
73 1
73 2
73 3
73 4
74 0
74 1
74 2
74 3
74 4
75 0
75 1
75 2
75 3
75 4
76 0
76 1
76 2
76 3
76 4
77 0
77 1
77 2
77 3
77 4
78 0
78 1
78 2
78 3
78 4
79 0
79 1
79 2
79 3
79 4
80 0
80 1
80 2
80 3
80 4
81 0
81 1
81 2
81 3
81 4
82 0
82 1
82 2
82 3
82 4
83 0
83 1
83 2
83 3
83 4
84 0
84 1
84 2
84 3
84 4
85 0
85 1
85 2
85 3
85 4
86 0
86 1
86 2
86 3
86 4
87 0
87 1
87 2
87 3
87 4
88 0
88 1
88 2
88 3
88 4
89 0
89 1
89 2
89 3
89 4
90 0
90 1
90 2
90 3
90 4
91 0
91 1
91 2
91 3
91 4
92 0
92 1
92 2
92 3
92 4
93 0
93 1
93 2
93 3
93 4
94 0
94 1
94 2
94 3
94 4
95 0
95 1
95 2
95 3
95 4
96 0
96 1
96 2
96 3
96 4
97 0
97 1
97 2
97 3
97 4
98 0
98 1
98 2
98 3
98 4
99 0
99 1
99 2
99 3
99 4
100 0
100 1
100 2
100 3
100 4
101 0
101 1
101 2
101 3
101 4
102 0
102 1
102 2
102 3
102 4
103 0
103 1
103 2
103 3
103 4
104 0
104 1
104 2
104 3
104 4
105 0
105 1
105 2
105 3
105 4
106 0
106 1
106 2
106 3
106 4
107 0
107 1
107 2
107 3
107 4
108 0
108 1
108 2
108 3
108 4
109 0
109 1
109 2
109 3
109 4
110 0
110 1
110 2
110 3
110 4
111 0
111 1
111 2
111 3
111 4
112 0
112 1
112 2
112 3
112 4
113 0
113 1
113 2
113 3
113 4
114 0
114 1
114 2
114 3
114 4
115 0
115 1
115 2
115 3
115 4
116 0
116 1
116 2
116 3
116 4
117 0
117 1
117 2
117 3
117 4
118 0
118 1
118 2
118 3
118 4
119 0
119 1
119 2
119 3
119 4
120 0
120 1
120 2
120 3
120 4
121 0
121 1
121 2
121 3
121 4
122 0
122 1
122 2
122 3
122 4
123 0
123 1
123 2
123 3
123 4
124 0
124 1
124 2
124 3
124 4
125 0
125 1
125 2
125 3
125 4
126 0
126 1
126 2
126 3
126 4
127 0
127 1
127 2
127 3
127 4
128 0
128 1
128 2
128 3
128 4
129 0
129 1
129 2
129 3
129 4
130 0
130 1
130 2
130 3
130 4
131 0
131 1
131 2
131 3
131 4
132 0
132 1
132 2
132 3
132 4
133 0
133 1
133 2
133 3
133 4
134 0
134 1
134 2
134 3
134 4
135 0
135 1
135 2
135 3
135 4
136 0
136 1
136 2
136 3
136 4
137 0
137 1
137 2
137 3
137 4
138 0
138 1
138 2
138 3
138 4
139 0
139 1
139 2
139 3
139 4
140 0
140 1
140 2
140 3
140 4
141 0
141 1
141 2
141 3
141 4
142 0
142 1
142 2
142 3
142 4
143 0
143 1
143 2
143 3
143 4
144 0
144 1
144 2
144 3
144 4
145 0
145 1
145 2
145 3
145 4
146 0
146 1
146 2
146 3
146 4
147 0
147 1
147 2
147 3
147 4
148 0
148 1
148 2
148 3
148 4
149 0
149 1
149 2
149 3
149 4
150 0
150 1
150 2
150 3
150 4
151 0
151 1
151 2
151 3
151 4
152 0
152 1
152 2
152 3
152 4
153 0
153 1
153 2
153 3
153 4
154 0
154 1
154 2
154 3
154 4
155 0
155 1
155 2
155 3
155 4
156 0
156 1
156 2
156 3
156 4
157 0
157 1
157 2
157 3
157 4
158 0
158 1
158 2
158 3
158 4
159 0
159 1
159 2
159 3
159 4
160 0
160 1
160 2
160 3
160 4
161 0
161 1
161 2
161 3
161 4
162 0
162 1
162 2
162 3
162 4
163 0
163 1
163 2
163 3
163 4
164 0
164 1
164 2
164 3
164 4
165 0
165 1
165 2
165 3
165 4
166 0
166 1
166 2
166 3
166 4
167 0
167 1
167 2
167 3
167 4
168 0
168 1
168 2
168 3
168 4
169 0
169 1
169 2
169 3
169 4
170 0
170 1
170 2
170 3
170 4
171 0
171 1
171 2
171 3
171 4
172 0
172 1
172 2
172 3
172 4
173 0
173 1
173 2
173 3
173 4
174 0
174 1
174 2
174 3
174 4
175 0
175 1
175 2
175 3
175 4
176 0
176 1
176 2
176 3
176 4
177 0
177 1
177 2
177 3
177 4
178 0
178 1
178 2
178 3
178 4
179 0
179 1
179 2
179 3
179 4
180 0
180 1
180 2
180 3
180 4
181 0
181 1
181 2
181 3
181 4
182 0
182 1
182 2
182 3
182 4
183 0
183 1
183 2
183 3
183 4
184 0
184 1
184 2
184 3
184 4
185 0
185 1
185 2
185 3
185 4
186 0
186 1
186 2
186 3
186 4
187 0
187 1
187 2
187 3
187 4
188 0
188 1
188 2
188 3
188 4
189 0
189 1
189 2
189 3
189 4
190 0
190 1
190 2
190 3
190 4
191 0
191 1
191 2
191 3
191 4
192 0
192 1
192 2
192 3
192 4
193 0
193 1
193 2
193 3
193 4
194 0
194 1
194 2
194 3
194 4
195 0
195 1
195 2
195 3
195 4
196 0
196 1
196 2
196 3
196 4
197 0
197 1
197 2
197 3
197 4
198 0
198 1
198 2
198 3
198 4
199 0
199 1
199 2
199 3
199 4
200 0
200 1
200 2
200 3
200 4
201 0
201 1
201 2
201 3
201 4
202 0
202 1
202 2
202 3
202 4
203 0
203 1
203 2
203 3
203 4
204 0
204 1
204 2
204 3
204 4
205 0
205 1
205 2
205 3
205 4
206 0
206 1
206 2
206 3
206 4
207 0
207 1
207 2
207 3
207 4
208 0
208 1
208 2
208 3
208 4
209 0
209 1
209 2
209 3
209 4
210 0
210 1
210 2
210 3
210 4
211 0
211 1
211 2
211 3
211 4
212 0
212 1
212 2
212 3
212 4
213 0
213 1
213 2
213 3
213 4
214 0
214 1
214 2
214 3
214 4
215 0
215 1
215 2
215 3
215 4
216 0
216 1
216 2
216 3
216 4
217 0
217 1
217 2
217 3
217 4
218 0
218 1
218 2
218 3
218 4
219 0
219 1
219 2
219 3
219 4
220 0
220 1
220 2
220 3
220 4
221 0
221 1
221 2
221 3
221 4
222 0
222 1
222 2
222 3
222 4
223 0
223 1
223 2
223 3
223 4
224 0
224 1
224 2
224 3
224 4
225 0
225 1
225 2
225 3
225 4
226 0
226 1
226 2
226 3
226 4
227 0
227 1
227 2
227 3
227 4
228 0
228 1
228 2
228 3
228 4
229 0
229 1
229 2
229 3
229 4
230 0
230 1
230 2
230 3
230 4
231 0
231 1
231 2
231 3
231 4
232 0
232 1
232 2
232 3
232 4
233 0
233 1
233 2
233 3
233 4
234 0
234 1
234 2
234 3
234 4
235 0
235 1
235 2
235 3
235 4
236 0
236 1
236 2
236 3
236 4
237 0
237 1
237 2
237 3
237 4
238 0
238 1
238 2
238 3
238 4
239 0
239 1
239 2
239 3
239 4
240 0
240 1
240 2
240 3
240 4
241 0
241 1
241 2
241 3
241 4
242 0
242 1
242 2
242 3
242 4
243 0
243 1
243 2
243 3
243 4
244 0
244 1
244 2
244 3
244 4
245 0
245 1
245 2
245 3
245 4
246 0
246 1
246 2
246 3
246 4
247 0
247 1
247 2
247 3
247 4
248 0
248 1
248 2
248 3
248 4
249 0
249 1
249 2
249 3
249 4
250 0
250 1
250 2
250 3
250 4
251 0
251 1
251 2
251 3
251 4
252 0
252 1
252 2
252 3
252 4
253 0
253 1
253 2
253 3
253 4
254 0
254 1
254 2
254 3
254 4
255 0
255 1
255 2
255 3
255 4
256 0
256 1
256 2
256 3
256 4
257 0
257 1
257 2
257 3
257 4
258 0
258 1
258 2
258 3
258 4
259 0
259 1
259 2
259 3
259 4
260 0
260 1
260 2
260 3
260 4
261 0
261 1
261 2
261 3
261 4
262 0
262 1
262 2
262 3
262 4
263 0
263 1
263 2
263 3
263 4
264 0
264 1
264 2
264 3
264 4
265 0
265 1
265 2
265 3
265 4
266 0
266 1
266 2
266 3
266 4
267 0
267 1
267 2
267 3
267 4
268 0
268 1
268 2
268 3
268 4
269 0
269 1
269 2
269 3
269 4
270 0
270 1
270 2
270 3
270 4
271 0
271 1
271 2
271 3
271 4
272 0
272 1
272 2
272 3
272 4
273 0
273 1
273 2
273 3
273 4
274 0
274 1
274 2
274 3
274 4
275 0
275 1
275 2
275 3
275 4
276 0
276 1
276 2
276 3
276 4
277 0
277 1
277 2
277 3
277 4
278 0
278 1
278 2
278 3
278 4
279 0
279 1
279 2
279 3
279 4
280 0
280 1
280 2
280 3
280 4
281 0
281 1
281 2
281 3
281 4
282 0
282 1
282 2
282 3
282 4
283 0
283 1
283 2
283 3
283 4
284 0
284 1
284 2
284 3
284 4
285 0
285 1
285 2
285 3
285 4
286 0
286 1
286 2
286 3
286 4
287 0
287 1
287 2
287 3
287 4
288 0
288 1
288 2
288 3
288 4
289 0
289 1
289 2
289 3
289 4
290 0
290 1
290 2
290 3
290 4
291 0
291 1
291 2
291 3
291 4
292 0
292 1
292 2
292 3
292 4
293 0
293 1
293 2
293 3
293 4
294 0
294 1
294 2
294 3
294 4
295 0
295 1
295 2
295 3
295 4
296 0
296 1
296 2
296 3
296 4
297 0
297 1
297 2
297 3
297 4
298 0
298 1
298 2
298 3
298 4
299 0
299 1
299 2
299 3
299 4
300 0
300 1
300 2
300 3
300 4
301 0
301 1
301 2
301 3
301 4
302 0
302 1
302 2
302 3
302 4
303 0
303 1
303 2
303 3
303 4
304 0
304 1
304 2
304 3
304 4
305 0
305 1
305 2
305 3
305 4
306 0
306 1
306 2
306 3
306 4
307 0
307 1
307 2
307 3
307 4
308 0
308 1
308 2
308 3
308 4
309 0
309 1
309 2
309 3
309 4
310 0
310 1
310 2
310 3
310 4
311 0
311 1
311 2
311 3
311 4
312 0
312 1
312 2
312 3
312 4
313 0
313 1
313 2
313 3
313 4
314 0
314 1
314 2
314 3
314 4
315 0
315 1
315 2
315 3
315 4
316 0
316 1
316 2
316 3
316 4
317 0
317 1
317 2
317 3
317 4
318 0
318 1
318 2
318 3
318 4
319 0
319 1
319 2
319 3
319 4
320 0
320 1
320 2
320 3
320 4
321 0
321 1
321 2
321 3
321 4
322 0
322 1
322 2
322 3
322 4
323 0
323 1
323 2
323 3
323 4
324 0
324 1
324 2
324 3
324 4
325 0
325 1
325 2
325 3
325 4
326 0
326 1
326 2
326 3
326 4
327 0
327 1
327 2
327 3
327 4
328 0
328 1
328 2
328 3
328 4
329 0
329 1
329 2
329 3
329 4
330 0
330 1
330 2
330 3
330 4
331 0
331 1
331 2
331 3
331 4
332 0
332 1
332 2
332 3
332 4
333 0
333 1
333 2
333 3
333 4
334 0
334 1
334 2
334 3
334 4
335 0
335 1
335 2
335 3
335 4
336 0
336 1
336 2
336 3
336 4
337 0
337 1
337 2
337 3
337 4
338 0
338 1
338 2
338 3
338 4
339 0
339 1
339 2
339 3
339 4
340 0
340 1
340 2
340 3
340 4
341 0
341 1
341 2
341 3
341 4
342 0
342 1
342 2
342 3
342 4
343 0
343 1
343 2
343 3
343 4
344 0
344 1
344 2
344 3
344 4
345 0
345 1
345 2
345 3
345 4
346 0
346 1
346 2
346 3
346 4
347 0
347 1
347 2
347 3
347 4
348 0
348 1
348 2
348 3
348 4
349 0
349 1
349 2
349 3
349 4
350 0
350 1
350 2
350 3
350 4
351 0
351 1
351 2
351 3
351 4
352 0
352 1
352 2
352 3
352 4
353 0
353 1
353 2
353 3
353 4
354 0
354 1
354 2
354 3
354 4
355 0
355 1
355 2
355 3
355 4
356 0
356 1
356 2
356 3
356 4
357 0
357 1
357 2
357 3
357 4
358 0
358 1
358 2
358 3
358 4
359 0
359 1
359 2
359 3
359 4
360 0
360 1
360 2
360 3
360 4
361 0
361 1
361 2
361 3
361 4
362 0
362 1
362 2
362 3
362 4
363 0
363 1
363 2
363 3
363 4
364 0
364 1
364 2
364 3
364 4
365 0
365 1
365 2
365 3
365 4
